(1535, 2014, 15095967, '\x00\x00\x00\x00\x00\x00\x00\x00\x00\x00\x00\x00\x00\x00\x00\x00\x00\x00\x00\x00\x00\x00\x00\x00\x00\x00\x00\x00\x00\x00\x00\x00\x00\x00\x00\x00\x00\x00\x00\x00\x00\x00\x00\x00\x00\x00\x00\x00\x00\x00', 0, 0, 0, 0, 16120.7001953125, 17882.30078125, 16520.400390625, 15565.2001953125, 15880.0, 0.0, 33)
(1667, 2014, 15133010, '\x00\x00\x00\x00\x00\x00\x00\x00\x00\x00\x00\x00\x00\x00\x00\x00\x00\x00\x00\x00\x00\x00\x00\x00\x00\x00\x00\x00\x00\x00\x00\x00\x00\x00\x00\x00\x00\x00\x00\x00\x00\x00\x00\x00\x00\x00\x00\x00\x00\x00', 0, 0, 0, 0, 1849.300048828125, 2206.89990234375, 1813.4000244140625, 1682.699951171875, 2160.0, 0.0, 4)
(1745, 2014, 15158861, '\x00\x00\x00\x00\x00\x00\x00\x00\x00\x00\x00\x00\x00\x00\x00\x00\x00\x00\x00\x00\x00\x00\x00\x00\x00\x00\x00\x00\x00\x00\x00\x00\x00\x00\x00\x00\x00\x00\x00\x00\x00\x00\x00\x00\x00\x00\x00\x00\x00\x00', 0, 0, 0, 0, 512.2000122070312, 447.3999938964844, 426.3999938964844, 364.1000061035156, 580.0, 0.0, 1)
(1755, 2014, 15159868, '\x00\x00\x00\x00\x00\x00\x00\x00\x00\x00\x00\x00\x00\x00\x00\x00\x00\x00\x00\x00\x00\x00\x00\x00\x00\x00\x00\x00\x00\x00\x00\x00\x00\x00\x00\x00\x00\x00\x00\x00\x00\x00\x00\x00\x00\x00\x00\x00\x00\x00', 0, 0, 0, 0, 504.20001220703125, 559.0999755859375, 538.0, 398.20001220703125, 620.0, 0.0, 1)
(1841, 2014, 15517020, '\x00\x00\x00\x00\x00\x00\x00\x00\x00\x00\x00\x00\x00\x00\x00\x00\x00\x00\x00\x00\x00\x00\x00\x00\x00\x00\x00\x00\x00\x00\x00\x00\x00\x00\x00\x00\x00\x00\x00\x00\x00\x00\x00\x00\x00\x00\x00\x00\x00\x00', 0, 0, 0, 0, 8845.599609375, 10056.0, 9438.0, 8610.0, 9560.0, 0.0, 18)
(1927, 2014, 15549186, '\x00\x00\x00\x00\x00\x00\x00\x00\x00\x00\x00\x00\x00\x00\x00\x00\x00\x00\x00\x00\x00\x00\x00\x00\x00\x00\x00\x00\x00\x00\x00\x00\x00\x00\x00\x00\x00\x00\x00\x00\x00\x00\x00\x00\x00\x00\x00\x00\x00\x00', 0, 0, 0, 0, 8018.10009765625, 9074.5, 8471.2001953125, 8208.400390625, 7600.0, 0.0, 17)
(2595, 2014, 17055016, '\x00\x00\x00\x00\x00\x00\x00\x00\x00\x00\x00\x00\x00\x00\x00\x00\x00\x00\x00\x00\x00\x00\x00\x00\x00\x00\x00\x00\x00\x00\x00\x00\x00\x00\x00\x00\x00\x00\x00\x00\x00\x00\x00\x00\x00\x00\x00\x00\x00\x00', 0, 0, 0, 0, 518.4000244140625, 654.0, 612.7999877929688, 515.9000244140625, 580.0, 0.0, 1)
(2596, 2014, 17055024, '\x00\x00\x00\x00\x00\x00\x00\x00\x00\x00\x00\x00\x00\x00\x00\x00\x00\x00\x00\x00\x00\x00\x00\x00\x00\x00\x00\x00\x00\x00\x00\x00\x00\x00\x00\x00\x00\x00\x00\x00\x00\x00\x00\x00\x00\x00\x00\x00\x00\x00', 0, 0, 0, 0, 45512.19921875, 46980.69921875, 43263.30078125, 48274.30078125, 49660.0, 0.0, 73)
(3691, 2014, 22022341, '\x00\x00\x00\x00\x00\x00\x00\x00\x00\x00\x00\x00\x00\x00\x00\x00\x00\x00\x00\x00\x00\x00\x00\x00\x00\x00\x00\x00\x00\x00\x00\x00\x00\x00\x00\x00\x00\x00\x00\x00\x00\x00\x00\x00\x00\x00\x00\x00\x00\x00', 0, 0, 0, 0, 420.29998779296875, 417.5, 497.79998779296875, 415.1000061035156, 320.0, 0.0, 1)
(3692, 2014, 22022376, '\x00\x00\x00\x00\x00\x00\x00\x00\x00\x00\x00\x00\x00\x00\x00\x00\x00\x00\x00\x00\x00\x00\x00\x00\x00\x00\x00\x00\x00\x00\x00\x00\x00\x00\x00\x00\x00\x00\x00\x00\x00\x00\x00\x00\x00\x00\x00\x00\x00\x00', 0, 0, 0, 0, 137281.0, 157510.40625, 148040.203125, 132779.40625, 140460.0, 0.0, 287)
(3693, 2014, 22022406, '\x00\x00\x00\x00\x00\x00\x00\x00\x00\x00\x00\x00\x00\x00\x00\x00\x00\x00\x00\x00\x00\x00\x00\x00\x00\x00\x00\x00\x00\x00\x00\x00\x00\x00\x00\x00\x00\x00\x00\x00\x00\x00\x00\x00\x00\x00\x00\x00\x00\x00', 0, 0, 0, 0, 9286.5, 9733.599609375, 8655.0, 10761.2001953125, 11640.0, 0.0, 14)
(3699, 2014, 22022686, '\x00\x00\x00\x00\x00\x00\x00\x00\x00\x00\x00\x00\x00\x00\x00\x00\x00\x00\x00\x00\x00\x00\x00\x00\x00\x00\x00\x00\x00\x00\x00\x00\x00\x00\x00\x00\x00\x00\x00\x00\x00\x00\x00\x00\x00\x00\x00\x00\x00\x00', 0, 0, 0, 0, 1698.0, 1834.199951171875, 1832.5, 1513.10009765625, 1000.0, 0.0, 4)
(3726, 2014, 22025537, '\x00\x00\x00\x00\x00\x00\x00\x00\x00\x00\x00\x00\x00\x00\x00\x00\x00\x00\x00\x00\x00\x00\x00\x00\x00\x00\x00\x00\x00\x00\x00\x00\x00\x00\x00\x00\x00\x00\x00\x00\x00\x00\x00\x00\x00\x00\x00\x00\x00\x00', 0, 0, 0, 0, 6804.2998046875, 7869.39990234375, 7525.10009765625, 6226.10009765625, 8460.0, 0.0, 15)
(4252, 2014, 22135898, '\x00\x00\x00\x00\x00\x00\x00\x00\x00\x00\x00\x00\x00\x00\x00\x00\x00\x00\x00\x00\x00\x00\x00\x00\x00\x00\x00\x00\x00\x00\x00\x00\x00\x00\x00\x00\x00\x00\x00\x00\x00\x00\x00\x00\x00\x00\x00\x00\x00\x00', 0, 0, 0, 0, 9770.5, 11041.2998046875, 10568.2998046875, 9213.2001953125, 7660.0, 0.0, 22)
(4253, 2014, 22135901, '\x00\x00\x00\x00\x00\x00\x00\x00\x00\x00\x00\x00\x00\x00\x00\x00\x00\x00\x00\x00\x00\x00\x00\x00\x00\x00\x00\x00\x00\x00\x00\x00\x00\x00\x00\x00\x00\x00\x00\x00\x00\x00\x00\x00\x00\x00\x00\x00\x00\x00', 0, 0, 0, 0, 4664.7001953125, 5293.2001953125, 4848.7998046875, 4561.89990234375, 3580.0, 0.0, 11)
(4329, 2014, 22141278, '\x00\x00\x00\x00\x00\x00\x00\x00\x00\x00\x00\x00\x00\x00\x00\x00\x00\x00\x00\x00\x00\x00\x00\x00\x00\x00\x00\x00\x00\x00\x00\x00\x00\x00\x00\x00\x00\x00\x00\x00\x00\x00\x00\x00\x00\x00\x00\x00\x00\x00', 0, 0, 0, 0, 6535.2998046875, 7505.5, 6846.7001953125, 6098.2001953125, 6900.0, 0.0, 13)
(4332, 2014, 22141693, '\x00\x00\x00\x00\x00\x00\x00\x00\x00\x00\x00\x00\x00\x00\x00\x00\x00\x00\x00\x00\x00\x00\x00\x00\x00\x00\x00\x00\x00\x00\x00\x00\x00\x00\x00\x00\x00\x00\x00\x00\x00\x00\x00\x00\x00\x00\x00\x00\x00\x00', 0, 0, 0, 0, 16591.900390625, 18391.80078125, 16249.7998046875, 16619.69921875, 20620.0, 0.0, 28)
(4361, 2014, 22190600, '\x00\x00\x00\x00\x00\x00\x00\x00\x00\x00\x00\x00\x00\x00\x00\x00\x00\x00\x00\x00\x00\x00\x00\x00\x00\x00\x00\x00\x00\x00\x00\x00\x00\x00\x00\x00\x00\x00\x00\x00\x00\x00\x00\x00\x00\x00\x00\x00\x00\x00', 0, 0, 0, 0, 10496.099609375, 11072.5, 10684.5, 10148.5, 10060.0, 0.0, 21)
(4373, 2014, 22268715, '\x00\x00\x00\x00\x00\x00\x00\x00\x00\x00\x00\x00\x00\x00\x00\x00\x00\x00\x00\x00\x00\x00\x00\x00\x00\x00\x00\x00\x00\x00\x00\x00\x00\x00\x00\x00\x00\x00\x00\x00\x00\x00\x00\x00\x00\x00\x00\x00\x00\x00', 0, 0, 0, 0, 29774.099609375, 32966.80078125, 30767.80078125, 28298.5, 32540.0, 0.0, 56)
(4375, 2014, 22308717, '\x00\x00\x00\x00\x00\x00\x00\x00\x00\x00\x00\x00\x00\x00\x00\x00\x00\x00\x00\x00\x00\x00\x00\x00\x00\x00\x00\x00\x00\x00\x00\x00\x00\x00\x00\x00\x00\x00\x00\x00\x00\x00\x00\x00\x00\x00\x00\x00\x00\x00', 0, 0, 0, 0, 10473.099609375, 11169.7998046875, 10882.0, 10273.2998046875, 9420.0, 0.0, 23)
(6327, 2014, 25093002, '\x00\x00\x00\x00\x00\x00\x00\x00\x00\x00\x00\x00\x00\x00\x00\x00\x00\x00\x00\x00\x00\x00\x00\x00\x00\x00\x00\x00\x00\x00\x00\x00\x00\x00\x00\x00\x00\x00\x00\x00\x00\x00\x00\x00\x00\x00\x00\x00\x00\x00', 0, 0, 0, 0, 869.9000244140625, 1207.699951171875, 1151.699951171875, 925.7000122070312, 1400.0, 0.0, 2)
(6328, 2014, 25093010, '\x00\x00\x00\x00\x00\x00\x00\x00\x00\x00\x00\x00\x00\x00\x00\x00\x00\x00\x00\x00\x00\x00\x00\x00\x00\x00\x00\x00\x00\x00\x00\x00\x00\x00\x00\x00\x00\x00\x00\x00\x00\x00\x00\x00\x00\x00\x00\x00\x00\x00', 0, 0, 0, 0, 26236.599609375, 30410.30078125, 27741.30078125, 24473.099609375, 23820.0, 0.0, 58)
(6390, 2014, 25097997, '\x00\x00\x00\x00\x00\x00\x00\x00\x00\x00\x00\x00\x00\x00\x00\x00\x00\x00\x00\x00\x00\x00\x00\x00\x00\x00\x00\x00\x00\x00\x00\x00\x00\x00\x00\x00\x00\x00\x00\x00\x00\x00\x00\x00\x00\x00\x00\x00\x00\x00', 0, 0, 0, 0, 614.0999755859375, 572.2000122070312, 551.7999877929688, 621.7999877929688, 800.0, 0.0, 1)
(6391, 2014, 25098080, '\x00\x00\x00\x00\x00\x00\x00\x00\x00\x00\x00\x00\x00\x00\x00\x00\x00\x00\x00\x00\x00\x00\x00\x00\x00\x00\x00\x00\x00\x00\x00\x00\x00\x00\x00\x00\x00\x00\x00\x00\x00\x00\x00\x00\x00\x00\x00\x00\x00\x00', 0, 0, 0, 0, 9966.099609375, 10402.5, 10188.2001953125, 8375.2001953125, 10080.0, 0.0, 20)
(6499, 2014, 25123785, '\x00\x00\x00\x00\x00\x00\x00\x00\x00\x00\x00\x00\x00\x00\x00\x00\x00\x00\x00\x00\x00\x00\x00\x00\x00\x00\x00\x00\x00\x00\x00\x00\x00\x00\x00\x00\x00\x00\x00\x00\x00\x00\x00\x00\x00\x00\x00\x00\x00\x00', 0, 0, 0, 0, 4362.60009765625, 4650.7998046875, 4323.39990234375, 4282.60009765625, 5080.0, 0.0, 8)
(6500, 2014, 25123793, '\x00\x00\x00\x00\x00\x00\x00\x00\x00\x00\x00\x00\x00\x00\x00\x00\x00\x00\x00\x00\x00\x00\x00\x00\x00\x00\x00\x00\x00\x00\x00\x00\x00\x00\x00\x00\x00\x00\x00\x00\x00\x00\x00\x00\x00\x00\x00\x00\x00\x00', 0, 0, 0, 0, 6888.2001953125, 7695.7001953125, 7383.10009765625, 6809.5, 7880.0, 0.0, 14)
(6558, 2014, 25294938, '\x00\x00\x00\x00\x00\x00\x00\x00\x00\x00\x00\x00\x00\x00\x00\x00\x00\x00\x00\x00\x00\x00\x00\x00\x00\x00\x00\x00\x00\x00\x00\x00\x00\x00\x00\x00\x00\x00\x00\x00\x00\x00\x00\x00\x00\x00\x00\x00\x00\x00', 0, 0, 0, 0, 3952.300048828125, 4347.0, 3965.5, 3994.199951171875, 3540.0, 0.0, 8)
(7219, 2014, 26111772, '\x00\x00\x00\x00\x00\x00\x00\x00\x00\x00\x00\x00\x00\x00\x00\x00\x00\x00\x00\x00\x00\x00\x00\x00\x00\x00\x00\x00\x00\x00\x00\x00\x00\x00\x00\x00\x00\x00\x00\x00\x00\x00\x00\x00\x00\x00\x00\x00\x00\x00', 0, 0, 0, 0, 13251.400390625, 14377.2998046875, 13292.900390625, 12412.900390625, 12160.0, 0.0, 26)
(7327, 2014, 26121190, '\x00\x00\x00\x00\x00\x00\x00\x00\x00\x00\x00\x00\x00\x00\x00\x00\x00\x00\x00\x00\x00\x00\x00\x00\x00\x00\x00\x00\x00\x00\x00\x00\x00\x00\x00\x00\x00\x00\x00\x00\x00\x00\x00\x00\x00\x00\x00\x00\x00\x00', 0, 0, 0, 0, 5367.5, 6181.60009765625, 6019.2998046875, 5361.10009765625, 4480.0, 0.0, 12)
(7541, 2014, 26139111, '\x00\x00\x00\x00\x00\x00\x00\x00\x00\x00\x00\x00\x00\x00\x00\x00\x00\x00\x00\x00\x00\x00\x00\x00\x00\x00\x00\x00\x00\x00\x00\x00\x00\x00\x00\x00\x00\x00\x00\x00\x00\x00\x00\x00\x00\x00\x00\x00\x00\x00', 0, 0, 0, 0, 448.79998779296875, 606.7999877929688, 578.2000122070312, 508.29998779296875, 480.0, 0.0, 1)
(7542, 2014, 26139120, '\x00\x00\x00\x00\x00\x00\x00\x00\x00\x00\x00\x00\x00\x00\x00\x00\x00\x00\x00\x00\x00\x00\x00\x00\x00\x00\x00\x00\x00\x00\x00\x00\x00\x00\x00\x00\x00\x00\x00\x00\x00\x00\x00\x00\x00\x00\x00\x00\x00\x00', 0, 0, 0, 0, 4823.39990234375, 5645.39990234375, 5313.2998046875, 4540.39990234375, 4320.0, 0.0, 12)
(7543, 2014, 26139146, '\x00\x00\x00\x00\x00\x00\x00\x00\x00\x00\x00\x00\x00\x00\x00\x00\x00\x00\x00\x00\x00\x00\x00\x00\x00\x00\x00\x00\x00\x00\x00\x00\x00\x00\x00\x00\x00\x00\x00\x00\x00\x00\x00\x00\x00\x00\x00\x00\x00\x00', 0, 0, 0, 0, 6046.2998046875, 6838.7001953125, 6244.89990234375, 5941.7001953125, 6800.0, 0.0, 12)
(7577, 2014, 26147963, '\x00\x00\x00\x00\x00\x00\x00\x00\x00\x00\x00\x00\x00\x00\x00\x00\x00\x00\x00\x00\x00\x00\x00\x00\x00\x00\x00\x00\x00\x00\x00\x00\x00\x00\x00\x00\x00\x00\x00\x00\x00\x00\x00\x00\x00\x00\x00\x00\x00\x00', 0, 0, 0, 0, 3486.699951171875, 3866.699951171875, 3563.300048828125, 3296.300048828125, 3840.0, 0.0, 7)
(7728, 2014, 26179350, '\x00\x00\x00\x00\x00\x00\x00\x00\x00\x00\x00\x00\x00\x00\x00\x00\x00\x00\x00\x00\x00\x00\x00\x00\x00\x00\x00\x00\x00\x00\x00\x00\x00\x00\x00\x00\x00\x00\x00\x00\x00\x00\x00\x00\x00\x00\x00\x00\x00\x00', 0, 0, 0, 0, 12733.900390625, 14228.5, 13870.2001953125, 12035.0, 14200.0, 0.0, 26)
(7765, 2014, 26397617, '\x00\x00\x00\x00\x00\x00\x00\x00\x00\x00\x00\x00\x00\x00\x00\x00\x00\x00\x00\x00\x00\x00\x00\x00\x00\x00\x00\x00\x00\x00\x00\x00\x00\x00\x00\x00\x00\x00\x00\x00\x00\x00\x00\x00\x00\x00\x00\x00\x00\x00', 0, 0, 0, 0, 6569.0, 7039.80029296875, 6859.2998046875, 6624.0, 6500.0, 0.0, 13)
(7905, 2014, 27025071, '\x00\x00\x00\x00\x00\x00\x00\x00\x00\x00\x00\x00\x00\x00\x00\x00\x00\x00\x00\x00\x00\x00\x00\x00\x00\x00\x00\x00\x00\x00\x00\x00\x00\x00\x00\x00\x00\x00\x00\x00\x00\x00\x00\x00\x00\x00\x00\x00\x00\x00', 0, 0, 0, 0, 398.8999938964844, 500.70001220703125, 423.0, 331.8999938964844, 440.0, 0.0, 1)
(7906, 2014, 27025080, '\x00\x00\x00\x00\x00\x00\x00\x00\x00\x00\x00\x00\x00\x00\x00\x00\x00\x00\x00\x00\x00\x00\x00\x00\x00\x00\x00\x00\x00\x00\x00\x00\x00\x00\x00\x00\x00\x00\x00\x00\x00\x00\x00\x00\x00\x00\x00\x00\x00\x00', 0, 0, 0, 0, 36110.1015625, 40264.6015625, 36762.69921875, 33102.3984375, 28720.0, 0.0, 80)
(7981, 2014, 27037169, '\x00\x00\x00\x00\x00\x00\x00\x00\x00\x00\x00\x00\x00\x00\x00\x00\x00\x00\x00\x00\x00\x00\x00\x00\x00\x00\x00\x00\x00\x00\x00\x00\x00\x00\x00\x00\x00\x00\x00\x00\x00\x00\x00\x00\x00\x00\x00\x00\x00\x00', 0, 0, 0, 0, 9975.0, 11028.099609375, 10414.7001953125, 9489.5, 10560.0, 0.0, 20)
(8031, 2014, 27046567, '\x00\x00\x00\x00\x00\x00\x00\x00\x00\x00\x00\x00\x00\x00\x00\x00\x00\x00\x00\x00\x00\x00\x00\x00\x00\x00\x00\x00\x00\x00\x00\x00\x00\x00\x00\x00\x00\x00\x00\x00\x00\x00\x00\x00\x00\x00\x00\x00\x00\x00', 0, 0, 0, 0, 3974.800048828125, 4591.2998046875, 4317.39990234375, 3816.199951171875, 3480.0, 0.0, 9)
(8043, 2014, 27047709, '\x00\x00\x00\x00\x00\x00\x00\x00\x00\x00\x00\x00\x00\x00\x00\x00\x00\x00\x00\x00\x00\x00\x00\x00\x00\x00\x00\x00\x00\x00\x00\x00\x00\x00\x00\x00\x00\x00\x00\x00\x00\x00\x00\x00\x00\x00\x00\x00\x00\x00', 0, 0, 0, 0, 473.3999938964844, 478.20001220703125, 525.7000122070312, 399.6000061035156, 300.0, 0.0, 1)
(8045, 2014, 27047741, '\x00\x00\x00\x00\x00\x00\x00\x00\x00\x00\x00\x00\x00\x00\x00\x00\x00\x00\x00\x00\x00\x00\x00\x00\x00\x00\x00\x00\x00\x00\x00\x00\x00\x00\x00\x00\x00\x00\x00\x00\x00\x00\x00\x00\x00\x00\x00\x00\x00\x00', 0, 0, 0, 0, 2707.800048828125, 3335.5, 2981.0, 2444.5, 2760.0, 0.0, 6)
(8046, 2014, 27047750, '\x00\x00\x00\x00\x00\x00\x00\x00\x00\x00\x00\x00\x00\x00\x00\x00\x00\x00\x00\x00\x00\x00\x00\x00\x00\x00\x00\x00\x00\x00\x00\x00\x00\x00\x00\x00\x00\x00\x00\x00\x00\x00\x00\x00\x00\x00\x00\x00\x00\x00', 0, 0, 0, 0, 30806.900390625, 34539.5, 31375.099609375, 30276.400390625, 34420.0, 0.0, 61)
(8047, 2014, 27047822, '\x00\x00\x00\x00\x00\x00\x00\x00\x00\x00\x00\x00\x00\x00\x00\x00\x00\x00\x00\x00\x00\x00\x00\x00\x00\x00\x00\x00\x00\x00\x00\x00\x00\x00\x00\x00\x00\x00\x00\x00\x00\x00\x00\x00\x00\x00\x00\x00\x00\x00', 0, 0, 0, 0, 11263.0, 12427.0, 12063.5, 10964.5, 11880.0, 0.0, 23)
(8048, 2014, 27047830, '\x00\x00\x00\x00\x00\x00\x00\x00\x00\x00\x00\x00\x00\x00\x00\x00\x00\x00\x00\x00\x00\x00\x00\x00\x00\x00\x00\x00\x00\x00\x00\x00\x00\x00\x00\x00\x00\x00\x00\x00\x00\x00\x00\x00\x00\x00\x00\x00\x00\x00', 0, 0, 0, 0, 16885.0, 18950.30078125, 17627.19921875, 17463.599609375, 18660.0, 0.0, 33)
(8049, 2014, 27047849, '\x00\x00\x00\x00\x00\x00\x00\x00\x00\x00\x00\x00\x00\x00\x00\x00\x00\x00\x00\x00\x00\x00\x00\x00\x00\x00\x00\x00\x00\x00\x00\x00\x00\x00\x00\x00\x00\x00\x00\x00\x00\x00\x00\x00\x00\x00\x00\x00\x00\x00', 0, 0, 0, 0, 58109.69921875, 66025.796875, 61688.0, 54962.30078125, 63728.0, 0.0, 116)
(8050, 2014, 27048047, '\x00\x00\x00\x00\x00\x00\x00\x00\x00\x00\x00\x00\x00\x00\x00\x00\x00\x00\x00\x00\x00\x00\x00\x00\x00\x00\x00\x00\x00\x00\x00\x00\x00\x00\x00\x00\x00\x00\x00\x00\x00\x00\x00\x00\x00\x00\x00\x00\x00\x00', 0, 0, 0, 0, 7252.39990234375, 8127.5, 7794.0, 7271.7998046875, 6260.0, 0.0, 16)
(8052, 2014, 27048470, '\x00\x00\x00\x00\x00\x00\x00\x00\x00\x00\x00\x00\x00\x00\x00\x00\x00\x00\x00\x00\x00\x00\x00\x00\x00\x00\x00\x00\x00\x00\x00\x00\x00\x00\x00\x00\x00\x00\x00\x00\x00\x00\x00\x00\x00\x00\x00\x00\x00\x00', 0, 0, 0, 0, 5935.89990234375, 6350.0, 5874.2001953125, 5083.2998046875, 5720.0, 0.0, 12)
(8054, 2014, 27048730, '\x00\x00\x00\x00\x00\x00\x00\x00\x00\x00\x00\x00\x00\x00\x00\x00\x00\x00\x00\x00\x00\x00\x00\x00\x00\x00\x00\x00\x00\x00\x00\x00\x00\x00\x00\x00\x00\x00\x00\x00\x00\x00\x00\x00\x00\x00\x00\x00\x00\x00', 0, 0, 0, 0, 846.5999755859375, 953.800048828125, 772.699951171875, 847.2000122070312, 220.0, 0.0, 2)
(8056, 2014, 27049124, '\x00\x00\x00\x00\x00\x00\x00\x00\x00\x00\x00\x00\x00\x00\x00\x00\x00\x00\x00\x00\x00\x00\x00\x00\x00\x00\x00\x00\x00\x00\x00\x00\x00\x00\x00\x00\x00\x00\x00\x00\x00\x00\x00\x00\x00\x00\x00\x00\x00\x00', 0, 0, 0, 0, 7292.7001953125, 8177.60009765625, 7742.89990234375, 6743.0, 7240.0, 0.0, 16)
(8057, 2014, 27049132, '\x00\x00\x00\x00\x00\x00\x00\x00\x00\x00\x00\x00\x00\x00\x00\x00\x00\x00\x00\x00\x00\x00\x00\x00\x00\x00\x00\x00\x00\x00\x00\x00\x00\x00\x00\x00\x00\x00\x00\x00\x00\x00\x00\x00\x00\x00\x00\x00\x00\x00', 0, 0, 0, 0, 4486.2001953125, 4923.2001953125, 4619.2001953125, 4198.39990234375, 3396.0, 0.0, 10)
(8058, 2014, 27049140, '\x00\x00\x00\x00\x00\x00\x00\x00\x00\x00\x00\x00\x00\x00\x00\x00\x00\x00\x00\x00\x00\x00\x00\x00\x00\x00\x00\x00\x00\x00\x00\x00\x00\x00\x00\x00\x00\x00\x00\x00\x00\x00\x00\x00\x00\x00\x00\x00\x00\x00', 0, 0, 0, 0, 13356.5, 14662.8994140625, 13660.2001953125, 13755.0, 13880.0, 0.0, 25)
(8059, 2014, 27049159, '\x00\x00\x00\x00\x00\x00\x00\x00\x00\x00\x00\x00\x00\x00\x00\x00\x00\x00\x00\x00\x00\x00\x00\x00\x00\x00\x00\x00\x00\x00\x00\x00\x00\x00\x00\x00\x00\x00\x00\x00\x00\x00\x00\x00\x00\x00\x00\x00\x00\x00', 0, 0, 0, 0, 6674.39990234375, 7755.60009765625, 7034.0, 6502.7001953125, 6820.0, 0.0, 15)
(8071, 2014, 27215156, '\x00\x00\x00\x00\x00\x00\x00\x00\x00\x00\x00\x00\x00\x00\x00\x00\x00\x00\x00\x00\x00\x00\x00\x00\x00\x00\x00\x00\x00\x00\x00\x00\x00\x00\x00\x00\x00\x00\x00\x00\x00\x00\x00\x00\x00\x00\x00\x00\x00\x00', 0, 0, 0, 0, 9432.2998046875, 10286.900390625, 9598.599609375, 8849.7001953125, 10360.0, 0.0, 19)
(8078, 2014, 27216403, '\x00\x00\x00\x00\x00\x00\x00\x00\x00\x00\x00\x00\x00\x00\x00\x00\x00\x00\x00\x00\x00\x00\x00\x00\x00\x00\x00\x00\x00\x00\x00\x00\x00\x00\x00\x00\x00\x00\x00\x00\x00\x00\x00\x00\x00\x00\x00\x00\x00\x00', 0, 0, 0, 0, 451.0, 561.0999755859375, 468.79998779296875, 464.79998779296875, 620.0, 0.0, 1)
(8093, 2014, 27220931, '\x00\x00\x00\x00\x00\x00\x00\x00\x00\x00\x00\x00\x00\x00\x00\x00\x00\x00\x00\x00\x00\x00\x00\x00\x00\x00\x00\x00\x00\x00\x00\x00\x00\x00\x00\x00\x00\x00\x00\x00\x00\x00\x00\x00\x00\x00\x00\x00\x00\x00', 0, 0, 0, 0, 1140.5999755859375, 1103.4000244140625, 1101.0, 1080.800048828125, 820.0, 0.0, 2)
(8099, 2014, 27223353, '\x00\x00\x00\x00\x00\x00\x00\x00\x00\x00\x00\x00\x00\x00\x00\x00\x00\x00\x00\x00\x00\x00\x00\x00\x00\x00\x00\x00\x00\x00\x00\x00\x00\x00\x00\x00\x00\x00\x00\x00\x00\x00\x00\x00\x00\x00\x00\x00\x00\x00', 0, 0, 0, 0, 1658.9000244140625, 2114.199951171875, 1772.699951171875, 1609.800048828125, 800.0, 0.0, 4)
(8100, 2014, 27223361, '\x00\x00\x00\x00\x00\x00\x00\x00\x00\x00\x00\x00\x00\x00\x00\x00\x00\x00\x00\x00\x00\x00\x00\x00\x00\x00\x00\x00\x00\x00\x00\x00\x00\x00\x00\x00\x00\x00\x00\x00\x00\x00\x00\x00\x00\x00\x00\x00\x00\x00', 0, 0, 0, 0, 19029.0, 20338.69921875, 19547.400390625, 17443.599609375, 22780.0, 0.0, 36)
(8121, 2014, 27226115, '\x00\x00\x00\x00\x00\x00\x00\x00\x00\x00\x00\x00\x00\x00\x00\x00\x00\x00\x00\x00\x00\x00\x00\x00\x00\x00\x00\x00\x00\x00\x00\x00\x00\x00\x00\x00\x00\x00\x00\x00\x00\x00\x00\x00\x00\x00\x00\x00\x00\x00', 0, 0, 0, 0, 43397.80078125, 46165.1015625, 42044.5, 45755.19921875, 49040.0, 0.0, 74)
(8122, 2014, 27226131, '\x00\x00\x00\x00\x00\x00\x00\x00\x00\x00\x00\x00\x00\x00\x00\x00\x00\x00\x00\x00\x00\x00\x00\x00\x00\x00\x00\x00\x00\x00\x00\x00\x00\x00\x00\x00\x00\x00\x00\x00\x00\x00\x00\x00\x00\x00\x00\x00\x00\x00', 0, 0, 0, 0, 45646.19921875, 50553.8984375, 47020.69921875, 43042.5, 34040.0, 0.0, 104)
(8123, 2014, 27226140, '\x00\x00\x00\x00\x00\x00\x00\x00\x00\x00\x00\x00\x00\x00\x00\x00\x00\x00\x00\x00\x00\x00\x00\x00\x00\x00\x00\x00\x00\x00\x00\x00\x00\x00\x00\x00\x00\x00\x00\x00\x00\x00\x00\x00\x00\x00\x00\x00\x00\x00', 0, 0, 0, 0, 8242.7001953125, 9083.7001953125, 8293.099609375, 7615.10009765625, 9155.0, 0.0, 16)
(8124, 2014, 27226158, '\x00\x00\x00\x00\x00\x00\x00\x00\x00\x00\x00\x00\x00\x00\x00\x00\x00\x00\x00\x00\x00\x00\x00\x00\x00\x00\x00\x00\x00\x00\x00\x00\x00\x00\x00\x00\x00\x00\x00\x00\x00\x00\x00\x00\x00\x00\x00\x00\x00\x00', 0, 0, 0, 0, 51030.69921875, 57050.80078125, 52562.6015625, 47572.1015625, 45120.0, 0.0, 113)
(8125, 2014, 27226166, '\x00\x00\x00\x00\x00\x00\x00\x00\x00\x00\x00\x00\x00\x00\x00\x00\x00\x00\x00\x00\x00\x00\x00\x00\x00\x00\x00\x00\x00\x00\x00\x00\x00\x00\x00\x00\x00\x00\x00\x00\x00\x00\x00\x00\x00\x00\x00\x00\x00\x00', 0, 0, 0, 0, 3876.39990234375, 4071.300048828125, 3755.39990234375, 3267.60009765625, 3400.0, 0.0, 8)
(8126, 2014, 27226174, '\x00\x00\x00\x00\x00\x00\x00\x00\x00\x00\x00\x00\x00\x00\x00\x00\x00\x00\x00\x00\x00\x00\x00\x00\x00\x00\x00\x00\x00\x00\x00\x00\x00\x00\x00\x00\x00\x00\x00\x00\x00\x00\x00\x00\x00\x00\x00\x00\x00\x00', 0, 0, 0, 0, 47145.69921875, 53450.5, 49283.1015625, 44550.6015625, 42620.0, 0.0, 106)
(8135, 2014, 27226620, '\x00\x00\x00\x00\x00\x00\x00\x00\x00\x00\x00\x00\x00\x00\x00\x00\x00\x00\x00\x00\x00\x00\x00\x00\x00\x00\x00\x00\x00\x00\x00\x00\x00\x00\x00\x00\x00\x00\x00\x00\x00\x00\x00\x00\x00\x00\x00\x00\x00\x00', 0, 0, 0, 0, 35603.80078125, 38979.80078125, 35667.5, 33565.1015625, 39330.0, 0.0, 69)
(8143, 2014, 27230031, '\x00\x00\x00\x00\x00\x00\x00\x00\x00\x00\x00\x00\x00\x00\x00\x00\x00\x00\x00\x00\x00\x00\x00\x00\x00\x00\x00\x00\x00\x00\x00\x00\x00\x00\x00\x00\x00\x00\x00\x00\x00\x00\x00\x00\x00\x00\x00\x00\x00\x00', 0, 0, 0, 0, 1168.5, 1200.39990234375, 1072.10009765625, 1491.9000244140625, 1580.0, 0.0, 2)
(8159, 2014, 27310019, '\x00\x00\x00\x00\x00\x00\x00\x00\x00\x00\x00\x00\x00\x00\x00\x00\x00\x00\x00\x00\x00\x00\x00\x00\x00\x00\x00\x00\x00\x00\x00\x00\x00\x00\x00\x00\x00\x00\x00\x00\x00\x00\x00\x00\x00\x00\x00\x00\x00\x00', 0, 0, 0, 0, 6893.60009765625, 7805.10009765625, 7073.2998046875, 6144.89990234375, 6220.0, 0.0, 15)
(8164, 2014, 27321029, '\x00\x00\x00\x00\x00\x00\x00\x00\x00\x00\x00\x00\x00\x00\x00\x00\x00\x00\x00\x00\x00\x00\x00\x00\x00\x00\x00\x00\x00\x00\x00\x00\x00\x00\x00\x00\x00\x00\x00\x00\x00\x00\x00\x00\x00\x00\x00\x00\x00\x00', 0, 0, 0, 0, 13633.2998046875, 15493.900390625, 14776.5, 13389.400390625, 16060.0, 0.0, 27)
(8165, 2014, 27324028, '\x00\x00\x00\x00\x00\x00\x00\x00\x00\x00\x00\x00\x00\x00\x00\x00\x00\x00\x00\x00\x00\x00\x00\x00\x00\x00\x00\x00\x00\x00\x00\x00\x00\x00\x00\x00\x00\x00\x00\x00\x00\x00\x00\x00\x00\x00\x00\x00\x00\x00', 0, 0, 0, 0, 6247.60009765625, 6921.89990234375, 6448.2001953125, 5484.5, 6960.0, 0.0, 13)
(8493, 2014, 28091400, '\x00\x00\x00\x00\x00\x00\x00\x00\x00\x00\x00\x00\x00\x00\x00\x00\x00\x00\x00\x00\x00\x00\x00\x00\x00\x00\x00\x00\x00\x00\x00\x00\x00\x00\x00\x00\x00\x00\x00\x00\x00\x00\x00\x00\x00\x00\x00\x00\x00\x00', 0, 0, 0, 0, 5172.89990234375, 5395.60009765625, 5365.2998046875, 4628.10009765625, 3940.0, 0.0, 11)
(8501, 2014, 29000726, '\x00\x00\x00\x00\x00\x00\x00\x00\x00\x00\x00\x00\x00\x00\x00\x00\x00\x00\x00\x00\x00\x00\x00\x00\x00\x00\x00\x00\x00\x00\x00\x00\x00\x00\x00\x00\x00\x00\x00\x00\x00\x00\x00\x00\x00\x00\x00\x00\x00\x00', 0, 0, 0, 0, 353.1000061035156, 378.70001220703125, 419.29998779296875, 401.1000061035156, 240.0, 0.0, 1)
(8537, 2014, 29016282, '\x00\x00\x00\x00\x00\x00\x00\x00\x00\x00\x00\x00\x00\x00\x00\x00\x00\x00\x00\x00\x00\x00\x00\x00\x00\x00\x00\x00\x00\x00\x00\x00\x00\x00\x00\x00\x00\x00\x00\x00\x00\x00\x00\x00\x00\x00\x00\x00\x00\x00', 0, 0, 0, 0, 519.4000244140625, 585.7999877929688, 492.0, 414.70001220703125, 600.0, 0.0, 1)
(8538, 2014, 29016339, '\x00\x00\x00\x00\x00\x00\x00\x00\x00\x00\x00\x00\x00\x00\x00\x00\x00\x00\x00\x00\x00\x00\x00\x00\x00\x00\x00\x00\x00\x00\x00\x00\x00\x00\x00\x00\x00\x00\x00\x00\x00\x00\x00\x00\x00\x00\x00\x00\x00\x00', 0, 0, 0, 0, 54649.1015625, 59957.1015625, 55117.30078125, 49148.3984375, 50080.0, 0.0, 113)
(8557, 2014, 29024552, '\x00\x00\x00\x00\x00\x00\x00\x00\x00\x00\x00\x00\x00\x00\x00\x00\x00\x00\x00\x00\x00\x00\x00\x00\x00\x00\x00\x00\x00\x00\x00\x00\x00\x00\x00\x00\x00\x00\x00\x00\x00\x00\x00\x00\x00\x00\x00\x00\x00\x00', 0, 0, 0, 0, 9310.2001953125, 9924.400390625, 9422.7998046875, 9011.599609375, 10360.0, 0.0, 18)
(8558, 2014, 29024579, '\x00\x00\x00\x00\x00\x00\x00\x00\x00\x00\x00\x00\x00\x00\x00\x00\x00\x00\x00\x00\x00\x00\x00\x00\x00\x00\x00\x00\x00\x00\x00\x00\x00\x00\x00\x00\x00\x00\x00\x00\x00\x00\x00\x00\x00\x00\x00\x00\x00\x00', 0, 0, 0, 0, 37955.1015625, 43535.0, 39438.19921875, 36937.6015625, 36400.0, 0.0, 84)
(8559, 2014, 29024587, '\x00\x00\x00\x00\x00\x00\x00\x00\x00\x00\x00\x00\x00\x00\x00\x00\x00\x00\x00\x00\x00\x00\x00\x00\x00\x00\x00\x00\x00\x00\x00\x00\x00\x00\x00\x00\x00\x00\x00\x00\x00\x00\x00\x00\x00\x00\x00\x00\x00\x00', 0, 0, 0, 0, 1053.5, 996.5999755859375, 833.300048828125, 738.5, 520.0, 0.0, 2)
(8560, 2014, 29024595, '\x00\x00\x00\x00\x00\x00\x00\x00\x00\x00\x00\x00\x00\x00\x00\x00\x00\x00\x00\x00\x00\x00\x00\x00\x00\x00\x00\x00\x00\x00\x00\x00\x00\x00\x00\x00\x00\x00\x00\x00\x00\x00\x00\x00\x00\x00\x00\x00\x00\x00', 0, 0, 0, 0, 31665.80078125, 35709.3984375, 32801.0, 32074.400390625, 38220.0, 0.0, 60)
(8561, 2014, 29024641, '\x00\x00\x00\x00\x00\x00\x00\x00\x00\x00\x00\x00\x00\x00\x00\x00\x00\x00\x00\x00\x00\x00\x00\x00\x00\x00\x00\x00\x00\x00\x00\x00\x00\x00\x00\x00\x00\x00\x00\x00\x00\x00\x00\x00\x00\x00\x00\x00\x00\x00', 0, 0, 0, 0, 18784.5, 20457.19921875, 19201.900390625, 17368.599609375, 17700.0, 0.0, 40)
(8967, 2014, 29160804, '\x00\x00\x00\x00\x00\x00\x00\x00\x00\x00\x00\x00\x00\x00\x00\x00\x00\x00\x00\x00\x00\x00\x00\x00\x00\x00\x00\x00\x00\x00\x00\x00\x00\x00\x00\x00\x00\x00\x00\x00\x00\x00\x00\x00\x00\x00\x00\x00\x00\x00', 0, 0, 0, 0, 2144.7998046875, 2358.199951171875, 2064.300048828125, 1899.0, 1980.0, 0.0, 4)
(9007, 2014, 29170575, '\x00\x00\x00\x00\x00\x00\x00\x00\x00\x00\x00\x00\x00\x00\x00\x00\x00\x00\x00\x00\x00\x00\x00\x00\x00\x00\x00\x00\x00\x00\x00\x00\x00\x00\x00\x00\x00\x00\x00\x00\x00\x00\x00\x00\x00\x00\x00\x00\x00\x00', 0, 0, 0, 0, 433.79998779296875, 471.5, 367.70001220703125, 460.6000061035156, 340.0, 0.0, 1)
(9008, 2014, 29170583, '\x00\x00\x00\x00\x00\x00\x00\x00\x00\x00\x00\x00\x00\x00\x00\x00\x00\x00\x00\x00\x00\x00\x00\x00\x00\x00\x00\x00\x00\x00\x00\x00\x00\x00\x00\x00\x00\x00\x00\x00\x00\x00\x00\x00\x00\x00\x00\x00\x00\x00', 0, 0, 0, 0, 47120.8984375, 54527.3984375, 50696.80078125, 44251.0, 41860.0, 0.0, 106)
(9083, 2014, 29181909, '\x00\x00\x00\x00\x00\x00\x00\x00\x00\x00\x00\x00\x00\x00\x00\x00\x00\x00\x00\x00\x00\x00\x00\x00\x00\x00\x00\x00\x00\x00\x00\x00\x00\x00\x00\x00\x00\x00\x00\x00\x00\x00\x00\x00\x00\x00\x00\x00\x00\x00', 0, 0, 0, 0, 8823.2001953125, 10334.400390625, 9992.2998046875, 9234.7998046875, 9040.0, 0.0, 19)
(9115, 2014, 29182557, '\x00\x00\x00\x00\x00\x00\x00\x00\x00\x00\x00\x00\x00\x00\x00\x00\x00\x00\x00\x00\x00\x00\x00\x00\x00\x00\x00\x00\x00\x00\x00\x00\x00\x00\x00\x00\x00\x00\x00\x00\x00\x00\x00\x00\x00\x00\x00\x00\x00\x00', 0, 0, 0, 0, 488.3999938964844, 600.4000244140625, 623.2000122070312, 435.8999938964844, 600.0, 0.0, 1)
(9116, 2014, 29182565, '\x00\x00\x00\x00\x00\x00\x00\x00\x00\x00\x00\x00\x00\x00\x00\x00\x00\x00\x00\x00\x00\x00\x00\x00\x00\x00\x00\x00\x00\x00\x00\x00\x00\x00\x00\x00\x00\x00\x00\x00\x00\x00\x00\x00\x00\x00\x00\x00\x00\x00', 0, 0, 0, 0, 91543.203125, 104238.703125, 96506.703125, 86235.6015625, 89480.0, 0.0, 196)
(9117, 2014, 29182581, '\x00\x00\x00\x00\x00\x00\x00\x00\x00\x00\x00\x00\x00\x00\x00\x00\x00\x00\x00\x00\x00\x00\x00\x00\x00\x00\x00\x00\x00\x00\x00\x00\x00\x00\x00\x00\x00\x00\x00\x00\x00\x00\x00\x00\x00\x00\x00\x00\x00\x00', 0, 0, 0, 0, 94388.8984375, 100172.796875, 94801.703125, 98739.703125, 106700.0, 0.0, 161)
(9118, 2014, 29182590, '\x00\x00\x00\x00\x00\x00\x00\x00\x00\x00\x00\x00\x00\x00\x00\x00\x00\x00\x00\x00\x00\x00\x00\x00\x00\x00\x00\x00\x00\x00\x00\x00\x00\x00\x00\x00\x00\x00\x00\x00\x00\x00\x00\x00\x00\x00\x00\x00\x00\x00', 0, 0, 0, 0, 19249.099609375, 22545.0, 20451.19921875, 18862.19921875, 23160.0, 0.0, 38)
(9119, 2014, 29182620, '\x00\x00\x00\x00\x00\x00\x00\x00\x00\x00\x00\x00\x00\x00\x00\x00\x00\x00\x00\x00\x00\x00\x00\x00\x00\x00\x00\x00\x00\x00\x00\x00\x00\x00\x00\x00\x00\x00\x00\x00\x00\x00\x00\x00\x00\x00\x00\x00\x00\x00', 0, 0, 0, 0, 5856.5, 6734.5, 6255.7998046875, 5437.0, 5040.0, 0.0, 13)
(9140, 2014, 29186072, '\x00\x00\x00\x00\x00\x00\x00\x00\x00\x00\x00\x00\x00\x00\x00\x00\x00\x00\x00\x00\x00\x00\x00\x00\x00\x00\x00\x00\x00\x00\x00\x00\x00\x00\x00\x00\x00\x00\x00\x00\x00\x00\x00\x00\x00\x00\x00\x00\x00\x00', 0, 0, 0, 0, 544.5, 545.5999755859375, 492.3999938964844, 402.0, 520.0, 0.0, 1)
(9205, 2014, 29191432, '\x00\x00\x00\x00\x00\x00\x00\x00\x00\x00\x00\x00\x00\x00\x00\x00\x00\x00\x00\x00\x00\x00\x00\x00\x00\x00\x00\x00\x00\x00\x00\x00\x00\x00\x00\x00\x00\x00\x00\x00\x00\x00\x00\x00\x00\x00\x00\x00\x00\x00', 0, 0, 0, 0, 3828.7001953125, 4096.2998046875, 4115.89990234375, 4030.10009765625, 4680.0, 0.0, 8)
(9206, 2014, 29191467, '\x00\x00\x00\x00\x00\x00\x00\x00\x00\x00\x00\x00\x00\x00\x00\x00\x00\x00\x00\x00\x00\x00\x00\x00\x00\x00\x00\x00\x00\x00\x00\x00\x00\x00\x00\x00\x00\x00\x00\x00\x00\x00\x00\x00\x00\x00\x00\x00\x00\x00', 0, 0, 0, 0, 14101.599609375, 15687.0, 14434.7998046875, 14596.7001953125, 15440.0, 0.0, 28)
(9236, 2014, 29193346, '\x00\x00\x00\x00\x00\x00\x00\x00\x00\x00\x00\x00\x00\x00\x00\x00\x00\x00\x00\x00\x00\x00\x00\x00\x00\x00\x00\x00\x00\x00\x00\x00\x00\x00\x00\x00\x00\x00\x00\x00\x00\x00\x00\x00\x00\x00\x00\x00\x00\x00', 0, 0, 0, 0, 519.5999755859375, 583.0, 548.2000122070312, 489.5, 760.0, 0.0, 1)
(9247, 2014, 29195110, '\x00\x00\x00\x00\x00\x00\x00\x00\x00\x00\x00\x00\x00\x00\x00\x00\x00\x00\x00\x00\x00\x00\x00\x00\x00\x00\x00\x00\x00\x00\x00\x00\x00\x00\x00\x00\x00\x00\x00\x00\x00\x00\x00\x00\x00\x00\x00\x00\x00\x00', 0, 0, 0, 0, 506.70001220703125, 583.7999877929688, 526.9000244140625, 465.6000061035156, 540.0, 0.0, 1)
(9250, 2014, 29195608, '\x00\x00\x00\x00\x00\x00\x00\x00\x00\x00\x00\x00\x00\x00\x00\x00\x00\x00\x00\x00\x00\x00\x00\x00\x00\x00\x00\x00\x00\x00\x00\x00\x00\x00\x00\x00\x00\x00\x00\x00\x00\x00\x00\x00\x00\x00\x00\x00\x00\x00', 0, 0, 0, 0, 19878.19921875, 22622.900390625, 21787.599609375, 19322.599609375, 21520.0, 0.0, 42)
(9251, 2014, 29196302, '\x00\x00\x00\x00\x00\x00\x00\x00\x00\x00\x00\x00\x00\x00\x00\x00\x00\x00\x00\x00\x00\x00\x00\x00\x00\x00\x00\x00\x00\x00\x00\x00\x00\x00\x00\x00\x00\x00\x00\x00\x00\x00\x00\x00\x00\x00\x00\x00\x00\x00', 0, 0, 0, 0, 5756.39990234375, 6378.89990234375, 5895.89990234375, 6071.60009765625, 5800.0, 0.0, 11)
(9252, 2014, 29196434, '\x00\x00\x00\x00\x00\x00\x00\x00\x00\x00\x00\x00\x00\x00\x00\x00\x00\x00\x00\x00\x00\x00\x00\x00\x00\x00\x00\x00\x00\x00\x00\x00\x00\x00\x00\x00\x00\x00\x00\x00\x00\x00\x00\x00\x00\x00\x00\x00\x00\x00', 0, 0, 0, 0, 30942.400390625, 35930.1015625, 33632.1015625, 30273.0, 30520.0, 0.0, 65)
(9253, 2014, 29196442, '\x00\x00\x00\x00\x00\x00\x00\x00\x00\x00\x00\x00\x00\x00\x00\x00\x00\x00\x00\x00\x00\x00\x00\x00\x00\x00\x00\x00\x00\x00\x00\x00\x00\x00\x00\x00\x00\x00\x00\x00\x00\x00\x00\x00\x00\x00\x00\x00\x00\x00', 0, 0, 0, 0, 127059.5, 137644.5, 125725.5, 136893.703125, 149940.0, 0.0, 213)
(9269, 2014, 29200105, '\x00\x00\x00\x00\x00\x00\x00\x00\x00\x00\x00\x00\x00\x00\x00\x00\x00\x00\x00\x00\x00\x00\x00\x00\x00\x00\x00\x00\x00\x00\x00\x00\x00\x00\x00\x00\x00\x00\x00\x00\x00\x00\x00\x00\x00\x00\x00\x00\x00\x00', 0, 0, 0, 0, 540.0999755859375, 537.2000122070312, 544.2999877929688, 575.5, 520.0, 0.0, 1)
(9270, 2014, 29200253, '\x00\x00\x00\x00\x00\x00\x00\x00\x00\x00\x00\x00\x00\x00\x00\x00\x00\x00\x00\x00\x00\x00\x00\x00\x00\x00\x00\x00\x00\x00\x00\x00\x00\x00\x00\x00\x00\x00\x00\x00\x00\x00\x00\x00\x00\x00\x00\x00\x00\x00', 0, 0, 0, 0, 478.6000061035156, 414.3999938964844, 433.70001220703125, 416.20001220703125, 440.0, 0.0, 1)
(9467, 2014, 29277973, '\x00\x00\x00\x00\x00\x00\x00\x00\x00\x00\x00\x00\x00\x00\x00\x00\x00\x00\x00\x00\x00\x00\x00\x00\x00\x00\x00\x00\x00\x00\x00\x00\x00\x00\x00\x00\x00\x00\x00\x00\x00\x00\x00\x00\x00\x00\x00\x00\x00\x00', 0, 0, 0, 0, 21324.5, 23718.400390625, 21973.0, 22207.19921875, 25660.0, 0.0, 37)
(9468, 2014, 29277990, '\x00\x00\x00\x00\x00\x00\x00\x00\x00\x00\x00\x00\x00\x00\x00\x00\x00\x00\x00\x00\x00\x00\x00\x00\x00\x00\x00\x00\x00\x00\x00\x00\x00\x00\x00\x00\x00\x00\x00\x00\x00\x00\x00\x00\x00\x00\x00\x00\x00\x00', 0, 0, 0, 0, 61658.8984375, 70374.0, 64299.3984375, 61848.6015625, 68840.0, 0.0, 123)
(9699, 2014, 29343097, '\x00\x00\x00\x00\x00\x00\x00\x00\x00\x00\x00\x00\x00\x00\x00\x00\x00\x00\x00\x00\x00\x00\x00\x00\x00\x00\x00\x00\x00\x00\x00\x00\x00\x00\x00\x00\x00\x00\x00\x00\x00\x00\x00\x00\x00\x00\x00\x00\x00\x00', 0, 0, 0, 0, 2741.5, 2893.0, 2653.0, 2807.10009765625, 3160.0, 0.0, 5)
(9721, 2014, 29354269, '\x00\x00\x00\x00\x00\x00\x00\x00\x00\x00\x00\x00\x00\x00\x00\x00\x00\x00\x00\x00\x00\x00\x00\x00\x00\x00\x00\x00\x00\x00\x00\x00\x00\x00\x00\x00\x00\x00\x00\x00\x00\x00\x00\x00\x00\x00\x00\x00\x00\x00', 0, 0, 0, 0, 6791.2998046875, 7854.7001953125, 6851.5, 6721.89990234375, 7320.0, 0.0, 14)
(9744, 2014, 29364280, '\x00\x00\x00\x00\x00\x00\x00\x00\x00\x00\x00\x00\x00\x00\x00\x00\x00\x00\x00\x00\x00\x00\x00\x00\x00\x00\x00\x00\x00\x00\x00\x00\x00\x00\x00\x00\x00\x00\x00\x00\x00\x00\x00\x00\x00\x00\x00\x00\x00\x00', 0, 0, 0, 0, 526.0, 486.0, 450.8999938964844, 377.3999938964844, 400.0, 0.0, 1)
(9745, 2014, 29364744, '\x00\x00\x00\x00\x00\x00\x00\x00\x00\x00\x00\x00\x00\x00\x00\x00\x00\x00\x00\x00\x00\x00\x00\x00\x00\x00\x00\x00\x00\x00\x00\x00\x00\x00\x00\x00\x00\x00\x00\x00\x00\x00\x00\x00\x00\x00\x00\x00\x00\x00', 0, 0, 0, 0, 3348.10009765625, 3694.60009765625, 3572.400146484375, 2988.800048828125, 3060.0, 0.0, 7)
(9750, 2014, 29365813, '\x00\x00\x00\x00\x00\x00\x00\x00\x00\x00\x00\x00\x00\x00\x00\x00\x00\x00\x00\x00\x00\x00\x00\x00\x00\x00\x00\x00\x00\x00\x00\x00\x00\x00\x00\x00\x00\x00\x00\x00\x00\x00\x00\x00\x00\x00\x00\x00\x00\x00', 0, 0, 0, 0, 8549.400390625, 9584.900390625, 9123.5, 9181.400390625, 8960.0, 0.0, 16)
(9753, 2014, 29369037, '\x00\x00\x00\x00\x00\x00\x00\x00\x00\x00\x00\x00\x00\x00\x00\x00\x00\x00\x00\x00\x00\x00\x00\x00\x00\x00\x00\x00\x00\x00\x00\x00\x00\x00\x00\x00\x00\x00\x00\x00\x00\x00\x00\x00\x00\x00\x00\x00\x00\x00', 0, 0, 0, 0, 8478.599609375, 9336.099609375, 9155.7998046875, 8104.39990234375, 8600.0, 0.0, 18)
(9779, 2014, 29382335, '\x00\x00\x00\x00\x00\x00\x00\x00\x00\x00\x00\x00\x00\x00\x00\x00\x00\x00\x00\x00\x00\x00\x00\x00\x00\x00\x00\x00\x00\x00\x00\x00\x00\x00\x00\x00\x00\x00\x00\x00\x00\x00\x00\x00\x00\x00\x00\x00\x00\x00', 0, 0, 0, 0, 549.2999877929688, 614.9000244140625, 580.7000122070312, 609.7999877929688, 620.0, 0.0, 1)
(9780, 2014, 29382386, '\x00\x00\x00\x00\x00\x00\x00\x00\x00\x00\x00\x00\x00\x00\x00\x00\x00\x00\x00\x00\x00\x00\x00\x00\x00\x00\x00\x00\x00\x00\x00\x00\x00\x00\x00\x00\x00\x00\x00\x00\x00\x00\x00\x00\x00\x00\x00\x00\x00\x00', 0, 0, 0, 0, 3369.10009765625, 3957.300048828125, 3763.5, 3135.5, 4100.0, 0.0, 7)
(9821, 2014, 29392470, '\x00\x00\x00\x00\x00\x00\x00\x00\x00\x00\x00\x00\x00\x00\x00\x00\x00\x00\x00\x00\x00\x00\x00\x00\x00\x00\x00\x00\x00\x00\x00\x00\x00\x00\x00\x00\x00\x00\x00\x00\x00\x00\x00\x00\x00\x00\x00\x00\x00\x00', 0, 0, 0, 0, 8295.599609375, 9057.7001953125, 8034.89990234375, 8427.7998046875, 9040.0, 0.0, 16)
(9856, 2014, 29398169, '\x00\x00\x00\x00\x00\x00\x00\x00\x00\x00\x00\x00\x00\x00\x00\x00\x00\x00\x00\x00\x00\x00\x00\x00\x00\x00\x00\x00\x00\x00\x00\x00\x00\x00\x00\x00\x00\x00\x00\x00\x00\x00\x00\x00\x00\x00\x00\x00\x00\x00', 0, 0, 0, 0, 3026.0, 3256.0, 3194.800048828125, 2816.60009765625, 2780.0, 0.0, 6)
(9952, 2014, 29422540, '\x00\x00\x00\x00\x00\x00\x00\x00\x00\x00\x00\x00\x00\x00\x00\x00\x00\x00\x00\x00\x00\x00\x00\x00\x00\x00\x00\x00\x00\x00\x00\x00\x00\x00\x00\x00\x00\x00\x00\x00\x00\x00\x00\x00\x00\x00\x00\x00\x00\x00', 0, 0, 0, 0, 533.0, 592.0999755859375, 535.0, 420.5, 460.0, 0.0, 1)
(10003, 2014, 29428300, '\x00\x00\x00\x00\x00\x00\x00\x00\x00\x00\x00\x00\x00\x00\x00\x00\x00\x00\x00\x00\x00\x00\x00\x00\x00\x00\x00\x00\x00\x00\x00\x00\x00\x00\x00\x00\x00\x00\x00\x00\x00\x00\x00\x00\x00\x00\x00\x00\x00\x00', 0, 0, 0, 0, 4322.0, 5080.2001953125, 4825.5, 3901.60009765625, 5420.0, 0.0, 9)
(10004, 2014, 29428386, '\x00\x00\x00\x00\x00\x00\x00\x00\x00\x00\x00\x00\x00\x00\x00\x00\x00\x00\x00\x00\x00\x00\x00\x00\x00\x00\x00\x00\x00\x00\x00\x00\x00\x00\x00\x00\x00\x00\x00\x00\x00\x00\x00\x00\x00\x00\x00\x00\x00\x00', 0, 0, 0, 0, 6081.39990234375, 6666.89990234375, 6732.89990234375, 6447.10009765625, 7140.0, 0.0, 12)
(10005, 2014, 29428394, '\x00\x00\x00\x00\x00\x00\x00\x00\x00\x00\x00\x00\x00\x00\x00\x00\x00\x00\x00\x00\x00\x00\x00\x00\x00\x00\x00\x00\x00\x00\x00\x00\x00\x00\x00\x00\x00\x00\x00\x00\x00\x00\x00\x00\x00\x00\x00\x00\x00\x00', 0, 0, 0, 0, 40427.69921875, 47247.5, 43710.8984375, 38820.69921875, 45800.0, 0.0, 83)
(10006, 2014, 29428408, '\x00\x00\x00\x00\x00\x00\x00\x00\x00\x00\x00\x00\x00\x00\x00\x00\x00\x00\x00\x00\x00\x00\x00\x00\x00\x00\x00\x00\x00\x00\x00\x00\x00\x00\x00\x00\x00\x00\x00\x00\x00\x00\x00\x00\x00\x00\x00\x00\x00\x00', 0, 0, 0, 0, 34806.19921875, 37661.8984375, 33285.6015625, 35823.6015625, 39240.0, 0.0, 61)
(10007, 2014, 29428416, '\x00\x00\x00\x00\x00\x00\x00\x00\x00\x00\x00\x00\x00\x00\x00\x00\x00\x00\x00\x00\x00\x00\x00\x00\x00\x00\x00\x00\x00\x00\x00\x00\x00\x00\x00\x00\x00\x00\x00\x00\x00\x00\x00\x00\x00\x00\x00\x00\x00\x00', 0, 0, 0, 0, 1881.300048828125, 2128.39990234375, 2026.199951171875, 1636.5, 1860.0, 0.0, 4)
(10110, 2014, 29442737, '\x00\x00\x00\x00\x00\x00\x00\x00\x00\x00\x00\x00\x00\x00\x00\x00\x00\x00\x00\x00\x00\x00\x00\x00\x00\x00\x00\x00\x00\x00\x00\x00\x00\x00\x00\x00\x00\x00\x00\x00\x00\x00\x00\x00\x00\x00\x00\x00\x00\x00', 0, 0, 0, 0, 5381.7001953125, 6166.7001953125, 5799.0, 5415.89990234375, 5000.0, 0.0, 11)
(10132, 2014, 29446635, '\x00\x00\x00\x00\x00\x00\x00\x00\x00\x00\x00\x00\x00\x00\x00\x00\x00\x00\x00\x00\x00\x00\x00\x00\x00\x00\x00\x00\x00\x00\x00\x00\x00\x00\x00\x00\x00\x00\x00\x00\x00\x00\x00\x00\x00\x00\x00\x00\x00\x00', 0, 0, 0, 0, 1070.800048828125, 1162.39990234375, 1119.0, 969.0999755859375, 1640.0, 0.0, 2)
(10137, 2014, 29446953, '\x00\x00\x00\x00\x00\x00\x00\x00\x00\x00\x00\x00\x00\x00\x00\x00\x00\x00\x00\x00\x00\x00\x00\x00\x00\x00\x00\x00\x00\x00\x00\x00\x00\x00\x00\x00\x00\x00\x00\x00\x00\x00\x00\x00\x00\x00\x00\x00\x00\x00', 0, 0, 0, 0, 4055.60009765625, 4206.7998046875, 3985.599853515625, 3767.099853515625, 4040.0, 0.0, 8)
(10168, 2014, 29450772, '\x00\x00\x00\x00\x00\x00\x00\x00\x00\x00\x00\x00\x00\x00\x00\x00\x00\x00\x00\x00\x00\x00\x00\x00\x00\x00\x00\x00\x00\x00\x00\x00\x00\x00\x00\x00\x00\x00\x00\x00\x00\x00\x00\x00\x00\x00\x00\x00\x00\x00', 0, 0, 0, 0, 5759.0, 6833.89990234375, 6502.60009765625, 5651.39990234375, 5760.0, 0.0, 13)
(10170, 2014, 29450950, '\x00\x00\x00\x00\x00\x00\x00\x00\x00\x00\x00\x00\x00\x00\x00\x00\x00\x00\x00\x00\x00\x00\x00\x00\x00\x00\x00\x00\x00\x00\x00\x00\x00\x00\x00\x00\x00\x00\x00\x00\x00\x00\x00\x00\x00\x00\x00\x00\x00\x00', 0, 0, 0, 0, 16139.2998046875, 17989.900390625, 16857.400390625, 15438.2001953125, 16840.0, 0.0, 33)
(10171, 2014, 29451450, '\x00\x00\x00\x00\x00\x00\x00\x00\x00\x00\x00\x00\x00\x00\x00\x00\x00\x00\x00\x00\x00\x00\x00\x00\x00\x00\x00\x00\x00\x00\x00\x00\x00\x00\x00\x00\x00\x00\x00\x00\x00\x00\x00\x00\x00\x00\x00\x00\x00\x00', 0, 0, 0, 0, 2274.699951171875, 2561.199951171875, 2359.89990234375, 2239.60009765625, 3080.0, 0.0, 4)
(10172, 2014, 29451744, '\x00\x00\x00\x00\x00\x00\x00\x00\x00\x00\x00\x00\x00\x00\x00\x00\x00\x00\x00\x00\x00\x00\x00\x00\x00\x00\x00\x00\x00\x00\x00\x00\x00\x00\x00\x00\x00\x00\x00\x00\x00\x00\x00\x00\x00\x00\x00\x00\x00\x00', 0, 0, 0, 0, 3764.39990234375, 4595.60009765625, 4534.7001953125, 3562.5, 4660.0, 0.0, 8)
(10173, 2014, 29451833, '\x00\x00\x00\x00\x00\x00\x00\x00\x00\x00\x00\x00\x00\x00\x00\x00\x00\x00\x00\x00\x00\x00\x00\x00\x00\x00\x00\x00\x00\x00\x00\x00\x00\x00\x00\x00\x00\x00\x00\x00\x00\x00\x00\x00\x00\x00\x00\x00\x00\x00', 0, 0, 0, 0, 1524.0999755859375, 1819.2999267578125, 1664.2000732421875, 1806.0999755859375, 1540.0, 0.0, 3)
(10176, 2014, 29452058, '\x00\x00\x00\x00\x00\x00\x00\x00\x00\x00\x00\x00\x00\x00\x00\x00\x00\x00\x00\x00\x00\x00\x00\x00\x00\x00\x00\x00\x00\x00\x00\x00\x00\x00\x00\x00\x00\x00\x00\x00\x00\x00\x00\x00\x00\x00\x00\x00\x00\x00', 0, 0, 0, 0, 7443.2001953125, 8222.0, 7387.2998046875, 6692.60009765625, 7640.0, 0.0, 14)
(10183, 2014, 29454263, '\x00\x00\x00\x00\x00\x00\x00\x00\x00\x00\x00\x00\x00\x00\x00\x00\x00\x00\x00\x00\x00\x00\x00\x00\x00\x00\x00\x00\x00\x00\x00\x00\x00\x00\x00\x00\x00\x00\x00\x00\x00\x00\x00\x00\x00\x00\x00\x00\x00\x00', 0, 0, 0, 0, 460.3999938964844, 529.0999755859375, 567.5, 545.7000122070312, 780.0, 0.0, 1)
(10186, 2014, 29455421, '\x00\x00\x00\x00\x00\x00\x00\x00\x00\x00\x00\x00\x00\x00\x00\x00\x00\x00\x00\x00\x00\x00\x00\x00\x00\x00\x00\x00\x00\x00\x00\x00\x00\x00\x00\x00\x00\x00\x00\x00\x00\x00\x00\x00\x00\x00\x00\x00\x00\x00', 0, 0, 0, 0, 536.7999877929688, 592.2999877929688, 557.9000244140625, 554.5999755859375, 340.0, 0.0, 1)
(10209, 2014, 29457750, '\x00\x00\x00\x00\x00\x00\x00\x00\x00\x00\x00\x00\x00\x00\x00\x00\x00\x00\x00\x00\x00\x00\x00\x00\x00\x00\x00\x00\x00\x00\x00\x00\x00\x00\x00\x00\x00\x00\x00\x00\x00\x00\x00\x00\x00\x00\x00\x00\x00\x00', 0, 0, 0, 0, 17699.400390625, 20712.900390625, 18968.19921875, 17101.30078125, 18000.0, 0.0, 39)
(10211, 2014, 29458757, '\x00\x00\x00\x00\x00\x00\x00\x00\x00\x00\x00\x00\x00\x00\x00\x00\x00\x00\x00\x00\x00\x00\x00\x00\x00\x00\x00\x00\x00\x00\x00\x00\x00\x00\x00\x00\x00\x00\x00\x00\x00\x00\x00\x00\x00\x00\x00\x00\x00\x00', 0, 0, 0, 0, 23041.69921875, 25405.400390625, 24250.701171875, 22053.19921875, 23540.0, 0.0, 47)
(10286, 2014, 29863805, '\x00\x00\x00\x00\x00\x00\x00\x00\x00\x00\x00\x00\x00\x00\x00\x00\x00\x00\x00\x00\x00\x00\x00\x00\x00\x00\x00\x00\x00\x00\x00\x00\x00\x00\x00\x00\x00\x00\x00\x00\x00\x00\x00\x00\x00\x00\x00\x00\x00\x00', 0, 0, 0, 0, 14967.0, 17350.0, 16069.5, 14650.2998046875, 18080.0, 0.0, 30)
(11167, 2014, 31053970, '\x00\x00\x00\x00\x00\x00\x00\x00\x00\x00\x00\x00\x00\x00\x00\x00\x00\x00\x00\x00\x00\x00\x00\x00\x00\x00\x00\x00\x00\x00\x00\x00\x00\x00\x00\x00\x00\x00\x00\x00\x00\x00\x00\x00\x00\x00\x00\x00\x00\x00', 0, 0, 0, 0, 3639.10009765625, 4067.0, 3892.60009765625, 3208.699951171875, 3460.0, 0.0, 8)
(11638, 2014, 31096270, '\x00\x00\x00\x00\x00\x00\x00\x00\x00\x00\x00\x00\x00\x00\x00\x00\x00\x00\x00\x00\x00\x00\x00\x00\x00\x00\x00\x00\x00\x00\x00\x00\x00\x00\x00\x00\x00\x00\x00\x00\x00\x00\x00\x00\x00\x00\x00\x00\x00\x00', 0, 0, 0, 0, 25842.099609375, 29157.0, 27178.099609375, 26933.900390625, 27960.0, 0.0, 47)
(13127, 2014, 31279901, '\x00\x00\x00\x00\x00\x00\x00\x00\x00\x00\x00\x00\x00\x00\x00\x00\x00\x00\x00\x00\x00\x00\x00\x00\x00\x00\x00\x00\x00\x00\x00\x00\x00\x00\x00\x00\x00\x00\x00\x00\x00\x00\x00\x00\x00\x00\x00\x00\x00\x00', 0, 0, 0, 0, 490.70001220703125, 519.0999755859375, 370.5, 490.70001220703125, 460.0, 0.0, 1)
(13281, 2014, 31316156, '\x00\x00\x00\x00\x00\x00\x00\x00\x00\x00\x00\x00\x00\x00\x00\x00\x00\x00\x00\x00\x00\x00\x00\x00\x00\x00\x00\x00\x00\x00\x00\x00\x00\x00\x00\x00\x00\x00\x00\x00\x00\x00\x00\x00\x00\x00\x00\x00\x00\x00', 0, 0, 0, 0, 373.3999938964844, 607.0999755859375, 538.5, 517.7000122070312, 660.0, 0.0, 1)
(13587, 2014, 31353230, '\x00\x00\x00\x00\x00\x00\x00\x00\x00\x00\x00\x00\x00\x00\x00\x00\x00\x00\x00\x00\x00\x00\x00\x00\x00\x00\x00\x00\x00\x00\x00\x00\x00\x00\x00\x00\x00\x00\x00\x00\x00\x00\x00\x00\x00\x00\x00\x00\x00\x00', 0, 0, 0, 0, 22729.30078125, 24069.30078125, 22150.0, 24104.0, 25720.0, 0.0, 37)
(15241, 2014, 33069832, '\x00\x00\x00\x00\x00\x00\x00\x00\x00\x00\x00\x00\x00\x00\x00\x00\x00\x00\x00\x00\x00\x00\x00\x00\x00\x00\x00\x00\x00\x00\x00\x00\x00\x00\x00\x00\x00\x00\x00\x00\x00\x00\x00\x00\x00\x00\x00\x00\x00\x00', 0, 0, 0, 0, 3784.0, 4245.2001953125, 4112.5, 3832.10009765625, 4660.0, 0.0, 8)
(15242, 2014, 33069859, '\x00\x00\x00\x00\x00\x00\x00\x00\x00\x00\x00\x00\x00\x00\x00\x00\x00\x00\x00\x00\x00\x00\x00\x00\x00\x00\x00\x00\x00\x00\x00\x00\x00\x00\x00\x00\x00\x00\x00\x00\x00\x00\x00\x00\x00\x00\x00\x00\x00\x00', 0, 0, 0, 0, 3242.800048828125, 3863.699951171875, 3776.300048828125, 3662.199951171875, 3580.0, 0.0, 7)
(15243, 2014, 33069905, '\x00\x00\x00\x00\x00\x00\x00\x00\x00\x00\x00\x00\x00\x00\x00\x00\x00\x00\x00\x00\x00\x00\x00\x00\x00\x00\x00\x00\x00\x00\x00\x00\x00\x00\x00\x00\x00\x00\x00\x00\x00\x00\x00\x00\x00\x00\x00\x00\x00\x00', 0, 0, 0, 0, 1042.4000244140625, 1182.300048828125, 1074.9000244140625, 1142.199951171875, 1260.0, 0.0, 2)
(15244, 2014, 33069921, '\x00\x00\x00\x00\x00\x00\x00\x00\x00\x00\x00\x00\x00\x00\x00\x00\x00\x00\x00\x00\x00\x00\x00\x00\x00\x00\x00\x00\x00\x00\x00\x00\x00\x00\x00\x00\x00\x00\x00\x00\x00\x00\x00\x00\x00\x00\x00\x00\x00\x00', 0, 0, 0, 0, 97811.1015625, 112910.5, 107918.203125, 95289.5, 98610.0, 0.0, 213)
(15245, 2014, 33069930, '\x00\x00\x00\x00\x00\x00\x00\x00\x00\x00\x00\x00\x00\x00\x00\x00\x00\x00\x00\x00\x00\x00\x00\x00\x00\x00\x00\x00\x00\x00\x00\x00\x00\x00\x00\x00\x00\x00\x00\x00\x00\x00\x00\x00\x00\x00\x00\x00\x00\x00', 0, 0, 0, 0, 79785.3984375, 94206.296875, 90215.796875, 79425.5, 88480.0, 0.0, 175)
(15246, 2014, 33069948, '\x00\x00\x00\x00\x00\x00\x00\x00\x00\x00\x00\x00\x00\x00\x00\x00\x00\x00\x00\x00\x00\x00\x00\x00\x00\x00\x00\x00\x00\x00\x00\x00\x00\x00\x00\x00\x00\x00\x00\x00\x00\x00\x00\x00\x00\x00\x00\x00\x00\x00', 0, 0, 0, 0, 14264.900390625, 16681.900390625, 15025.1005859375, 13611.599609375, 14000.0, 0.0, 32)
(15247, 2014, 33069956, '\x00\x00\x00\x00\x00\x00\x00\x00\x00\x00\x00\x00\x00\x00\x00\x00\x00\x00\x00\x00\x00\x00\x00\x00\x00\x00\x00\x00\x00\x00\x00\x00\x00\x00\x00\x00\x00\x00\x00\x00\x00\x00\x00\x00\x00\x00\x00\x00\x00\x00', 0, 0, 0, 0, 15403.7001953125, 17771.900390625, 16755.400390625, 14302.7001953125, 16400.0, 0.0, 33)
(15248, 2014, 33069964, '\x00\x00\x00\x00\x00\x00\x00\x00\x00\x00\x00\x00\x00\x00\x00\x00\x00\x00\x00\x00\x00\x00\x00\x00\x00\x00\x00\x00\x00\x00\x00\x00\x00\x00\x00\x00\x00\x00\x00\x00\x00\x00\x00\x00\x00\x00\x00\x00\x00\x00', 0, 0, 0, 0, 9073.400390625, 10321.599609375, 9830.2001953125, 8379.599609375, 7440.0, 0.0, 21)
(16118, 2014, 33122245, '\x00\x00\x00\x00\x00\x00\x00\x00\x00\x00\x00\x00\x00\x00\x00\x00\x00\x00\x00\x00\x00\x00\x00\x00\x00\x00\x00\x00\x00\x00\x00\x00\x00\x00\x00\x00\x00\x00\x00\x00\x00\x00\x00\x00\x00\x00\x00\x00\x00\x00', 0, 0, 0, 0, 13161.2998046875, 14777.7998046875, 14005.099609375, 13040.599609375, 14140.0, 0.0, 24)
(16175, 2014, 33127379, '\x00\x00\x00\x00\x00\x00\x00\x00\x00\x00\x00\x00\x00\x00\x00\x00\x00\x00\x00\x00\x00\x00\x00\x00\x00\x00\x00\x00\x00\x00\x00\x00\x00\x00\x00\x00\x00\x00\x00\x00\x00\x00\x00\x00\x00\x00\x00\x00\x00\x00', 0, 0, 0, 0, 8778.2998046875, 9370.0, 9189.0, 8128.89990234375, 9700.0, 0.0, 17)
(16544, 2014, 33163553, '\x00\x00\x00\x00\x00\x00\x00\x00\x00\x00\x00\x00\x00\x00\x00\x00\x00\x00\x00\x00\x00\x00\x00\x00\x00\x00\x00\x00\x00\x00\x00\x00\x00\x00\x00\x00\x00\x00\x00\x00\x00\x00\x00\x00\x00\x00\x00\x00\x00\x00', 0, 0, 0, 0, 503.29998779296875, 411.0, 524.7000122070312, 375.6000061035156, 380.0, 0.0, 1)
(26049, 2014, 42037778, '\x00\x00\x00\x00\x00\x00\x00\x00\x00\x00\x00\x00\x00\x00\x00\x00\x00\x00\x00\x00\x00\x00\x00\x00\x00\x00\x00\x00\x00\x00\x00\x00\x00\x00\x00\x00\x00\x00\x00\x00\x00\x00\x00\x00\x00\x00\x00\x00\x00\x00', 0, 0, 0, 0, 1469.4000244140625, 1532.699951171875, 1435.0999755859375, 1314.0, 1420.0, 0.0, 3)
(26302, 2014, 42072360, '\x00\x00\x00\x00\x00\x00\x00\x00\x00\x00\x00\x00\x00\x00\x00\x00\x00\x00\x00\x00\x00\x00\x00\x00\x00\x00\x00\x00\x00\x00\x00\x00\x00\x00\x00\x00\x00\x00\x00\x00\x00\x00\x00\x00\x00\x00\x00\x00\x00\x00', 0, 0, 0, 0, 19027.0, 20982.400390625, 19838.69921875, 20185.400390625, 22000.0, 0.0, 34)
(26303, 2014, 42072379, '\x00\x00\x00\x00\x00\x00\x00\x00\x00\x00\x00\x00\x00\x00\x00\x00\x00\x00\x00\x00\x00\x00\x00\x00\x00\x00\x00\x00\x00\x00\x00\x00\x00\x00\x00\x00\x00\x00\x00\x00\x00\x00\x00\x00\x00\x00\x00\x00\x00\x00', 0, 0, 0, 0, 36964.69921875, 41216.5, 38434.80078125, 37060.69921875, 38200.0, 0.0, 72)
(26619, 2014, 42125901, '\x00\x00\x00\x00\x00\x00\x00\x00\x00\x00\x00\x00\x00\x00\x00\x00\x00\x00\x00\x00\x00\x00\x00\x00\x00\x00\x00\x00\x00\x00\x00\x00\x00\x00\x00\x00\x00\x00\x00\x00\x00\x00\x00\x00\x00\x00\x00\x00\x00\x00', 0, 0, 0, 0, 63119.5, 70090.3984375, 66045.203125, 62051.8984375, 64140.0, 0.0, 122)
(26686, 2014, 42132223, '\x00\x00\x00\x00\x00\x00\x00\x00\x00\x00\x00\x00\x00\x00\x00\x00\x00\x00\x00\x00\x00\x00\x00\x00\x00\x00\x00\x00\x00\x00\x00\x00\x00\x00\x00\x00\x00\x00\x00\x00\x00\x00\x00\x00\x00\x00\x00\x00\x00\x00', 0, 0, 0, 0, 949.0999755859375, 1187.800048828125, 1081.800048828125, 966.9000244140625, 1360.0, 0.0, 2)
(26745, 2014, 42141605, '\x00\x00\x00\x00\x00\x00\x00\x00\x00\x00\x00\x00\x00\x00\x00\x00\x00\x00\x00\x00\x00\x00\x00\x00\x00\x00\x00\x00\x00\x00\x00\x00\x00\x00\x00\x00\x00\x00\x00\x00\x00\x00\x00\x00\x00\x00\x00\x00\x00\x00', 0, 0, 0, 0, 1061.9000244140625, 1187.60009765625, 1051.9000244140625, 834.7000122070312, 880.0, 0.0, 2)
(26823, 2014, 42148413, '\x00\x00\x00\x00\x00\x00\x00\x00\x00\x00\x00\x00\x00\x00\x00\x00\x00\x00\x00\x00\x00\x00\x00\x00\x00\x00\x00\x00\x00\x00\x00\x00\x00\x00\x00\x00\x00\x00\x00\x00\x00\x00\x00\x00\x00\x00\x00\x00\x00\x00', 0, 0, 0, 0, 937.300048828125, 1111.699951171875, 1046.5999755859375, 911.2000122070312, 1220.0, 0.0, 2)
(29201, 2014, 51036150, '\x00\x00\x00\x00\x00\x00\x00\x00\x00\x00\x00\x00\x00\x00\x00\x00\x00\x00\x00\x00\x00\x00\x00\x00\x00\x00\x00\x00\x00\x00\x00\x00\x00\x00\x00\x00\x00\x00\x00\x00\x00\x00\x00\x00\x00\x00\x00\x00\x00\x00', 0, 0, 0, 0, 411.79998779296875, 511.29998779296875, 441.6000061035156, 404.8999938964844, 200.0, 0.0, 1)
(29429, 2014, 51061180, '\x00\x00\x00\x00\x00\x00\x00\x00\x00\x00\x00\x00\x00\x00\x00\x00\x00\x00\x00\x00\x00\x00\x00\x00\x00\x00\x00\x00\x00\x00\x00\x00\x00\x00\x00\x00\x00\x00\x00\x00\x00\x00\x00\x00\x00\x00\x00\x00\x00\x00', 0, 0, 0, 0, 12225.7001953125, 13606.7001953125, 12388.7998046875, 11926.099609375, 13720.0, 0.0, 23)
(29467, 2014, 51065290, '\x00\x00\x00\x00\x00\x00\x00\x00\x00\x00\x00\x00\x00\x00\x00\x00\x00\x00\x00\x00\x00\x00\x00\x00\x00\x00\x00\x00\x00\x00\x00\x00\x00\x00\x00\x00\x00\x00\x00\x00\x00\x00\x00\x00\x00\x00\x00\x00\x00\x00', 0, 0, 0, 0, 6546.2998046875, 7964.39990234375, 7389.7001953125, 6307.60009765625, 7020.0, 0.0, 15)
(29468, 2014, 51065312, '\x00\x00\x00\x00\x00\x00\x00\x00\x00\x00\x00\x00\x00\x00\x00\x00\x00\x00\x00\x00\x00\x00\x00\x00\x00\x00\x00\x00\x00\x00\x00\x00\x00\x00\x00\x00\x00\x00\x00\x00\x00\x00\x00\x00\x00\x00\x00\x00\x00\x00', 0, 0, 0, 0, 437.8999938964844, 515.4000244140625, 545.5, 377.1000061035156, 500.0, 0.0, 1)
(29472, 2014, 51065460, '\x00\x00\x00\x00\x00\x00\x00\x00\x00\x00\x00\x00\x00\x00\x00\x00\x00\x00\x00\x00\x00\x00\x00\x00\x00\x00\x00\x00\x00\x00\x00\x00\x00\x00\x00\x00\x00\x00\x00\x00\x00\x00\x00\x00\x00\x00\x00\x00\x00\x00', 0, 0, 0, 0, 5617.39990234375, 6454.2998046875, 5832.60009765625, 5460.89990234375, 3020.0, 0.0, 13)
(29473, 2014, 51065479, '\x00\x00\x00\x00\x00\x00\x00\x00\x00\x00\x00\x00\x00\x00\x00\x00\x00\x00\x00\x00\x00\x00\x00\x00\x00\x00\x00\x00\x00\x00\x00\x00\x00\x00\x00\x00\x00\x00\x00\x00\x00\x00\x00\x00\x00\x00\x00\x00\x00\x00', 0, 0, 0, 0, 2448.300048828125, 2488.800048828125, 2455.10009765625, 2110.699951171875, 2700.0, 0.0, 5)
(29523, 2014, 51090082, '\x00\x00\x00\x00\x00\x00\x00\x00\x00\x00\x00\x00\x00\x00\x00\x00\x00\x00\x00\x00\x00\x00\x00\x00\x00\x00\x00\x00\x00\x00\x00\x00\x00\x00\x00\x00\x00\x00\x00\x00\x00\x00\x00\x00\x00\x00\x00\x00\x00\x00', 0, 0, 0, 0, 494.5, 469.6000061035156, 494.70001220703125, 333.0, 280.0, 0.0, 1)
(29549, 2014, 51093081, '\x00\x00\x00\x00\x00\x00\x00\x00\x00\x00\x00\x00\x00\x00\x00\x00\x00\x00\x00\x00\x00\x00\x00\x00\x00\x00\x00\x00\x00\x00\x00\x00\x00\x00\x00\x00\x00\x00\x00\x00\x00\x00\x00\x00\x00\x00\x00\x00\x00\x00', 0, 0, 0, 0, 5302.7998046875, 6001.7001953125, 5335.60009765625, 4872.39990234375, 4160.0, 0.0, 11)
(29603, 2014, 51164809, '\x00\x00\x00\x00\x00\x00\x00\x00\x00\x00\x00\x00\x00\x00\x00\x00\x00\x00\x00\x00\x00\x00\x00\x00\x00\x00\x00\x00\x00\x00\x00\x00\x00\x00\x00\x00\x00\x00\x00\x00\x00\x00\x00\x00\x00\x00\x00\x00\x00\x00', 0, 0, 0, 0, 2604.39990234375, 3029.0, 2769.0, 2859.199951171875, 2800.0, 0.0, 6)
(30431, 2014, 52068862, '\x00\x00\x00\x00\x00\x00\x00\x00\x00\x00\x00\x00\x00\x00\x00\x00\x00\x00\x00\x00\x00\x00\x00\x00\x00\x00\x00\x00\x00\x00\x00\x00\x00\x00\x00\x00\x00\x00\x00\x00\x00\x00\x00\x00\x00\x00\x00\x00\x00\x00', 0, 0, 0, 0, 397.29998779296875, 466.29998779296875, 436.29998779296875, 461.1000061035156, 340.0, 0.0, 1)
(30445, 2014, 52069966, '\x00\x00\x00\x00\x00\x00\x00\x00\x00\x00\x00\x00\x00\x00\x00\x00\x00\x00\x00\x00\x00\x00\x00\x00\x00\x00\x00\x00\x00\x00\x00\x00\x00\x00\x00\x00\x00\x00\x00\x00\x00\x00\x00\x00\x00\x00\x00\x00\x00\x00', 0, 0, 0, 0, 418.79998779296875, 428.79998779296875, 373.70001220703125, 498.79998779296875, 280.0, 0.0, 1)
(30526, 2014, 52081257, '\x00\x00\x00\x00\x00\x00\x00\x00\x00\x00\x00\x00\x00\x00\x00\x00\x00\x00\x00\x00\x00\x00\x00\x00\x00\x00\x00\x00\x00\x00\x00\x00\x00\x00\x00\x00\x00\x00\x00\x00\x00\x00\x00\x00\x00\x00\x00\x00\x00\x00', 0, 0, 0, 0, 553.0, 518.5, 473.79998779296875, 485.3999938964844, 500.0, 0.0, 1)
(30527, 2014, 52081346, '\x00\x00\x00\x00\x00\x00\x00\x00\x00\x00\x00\x00\x00\x00\x00\x00\x00\x00\x00\x00\x00\x00\x00\x00\x00\x00\x00\x00\x00\x00\x00\x00\x00\x00\x00\x00\x00\x00\x00\x00\x00\x00\x00\x00\x00\x00\x00\x00\x00\x00', 0, 0, 0, 0, 450.29998779296875, 596.9000244140625, 551.7999877929688, 405.70001220703125, 660.0, 0.0, 1)
(30550, 2014, 52083942, '\x00\x00\x00\x00\x00\x00\x00\x00\x00\x00\x00\x00\x00\x00\x00\x00\x00\x00\x00\x00\x00\x00\x00\x00\x00\x00\x00\x00\x00\x00\x00\x00\x00\x00\x00\x00\x00\x00\x00\x00\x00\x00\x00\x00\x00\x00\x00\x00\x00\x00', 0, 0, 0, 0, 405.8999938964844, 543.2000122070312, 421.5, 464.3999938964844, 280.0, 0.0, 1)
(30580, 2014, 52087034, '\x00\x00\x00\x00\x00\x00\x00\x00\x00\x00\x00\x00\x00\x00\x00\x00\x00\x00\x00\x00\x00\x00\x00\x00\x00\x00\x00\x00\x00\x00\x00\x00\x00\x00\x00\x00\x00\x00\x00\x00\x00\x00\x00\x00\x00\x00\x00\x00\x00\x00', 0, 0, 0, 0, 501.5, 430.29998779296875, 398.0, 472.6000061035156, 400.0, 0.0, 1)
(30665, 2014, 52094650, '\x00\x00\x00\x00\x00\x00\x00\x00\x00\x00\x00\x00\x00\x00\x00\x00\x00\x00\x00\x00\x00\x00\x00\x00\x00\x00\x00\x00\x00\x00\x00\x00\x00\x00\x00\x00\x00\x00\x00\x00\x00\x00\x00\x00\x00\x00\x00\x00\x00\x00', 0, 0, 0, 0, 3821.699951171875, 4296.39990234375, 3756.10009765625, 3552.0, 4140.0, 0.0, 7)
(30749, 2014, 52202399, '\x00\x00\x00\x00\x00\x00\x00\x00\x00\x00\x00\x00\x00\x00\x00\x00\x00\x00\x00\x00\x00\x00\x00\x00\x00\x00\x00\x00\x00\x00\x00\x00\x00\x00\x00\x00\x00\x00\x00\x00\x00\x00\x00\x00\x00\x00\x00\x00\x00\x00', 0, 0, 0, 0, 14650.599609375, 16736.5, 15478.5, 14758.099609375, 15560.0, 0.0, 29)
(30750, 2014, 52202410, '\x00\x00\x00\x00\x00\x00\x00\x00\x00\x00\x00\x00\x00\x00\x00\x00\x00\x00\x00\x00\x00\x00\x00\x00\x00\x00\x00\x00\x00\x00\x00\x00\x00\x00\x00\x00\x00\x00\x00\x00\x00\x00\x00\x00\x00\x00\x00\x00\x00\x00', 0, 0, 0, 0, 2732.60009765625, 3337.300048828125, 2951.5, 2858.89990234375, 3140.0, 0.0, 6)
(30762, 2014, 52239357, '\x00\x00\x00\x00\x00\x00\x00\x00\x00\x00\x00\x00\x00\x00\x00\x00\x00\x00\x00\x00\x00\x00\x00\x00\x00\x00\x00\x00\x00\x00\x00\x00\x00\x00\x00\x00\x00\x00\x00\x00\x00\x00\x00\x00\x00\x00\x00\x00\x00\x00', 0, 0, 0, 0, 5970.10009765625, 6801.39990234375, 6133.7001953125, 6091.60009765625, 6400.0, 0.0, 12)
(31043, 2014, 53015428, '\x00\x00\x00\x00\x00\x00\x00\x00\x00\x00\x00\x00\x00\x00\x00\x00\x00\x00\x00\x00\x00\x00\x00\x00\x00\x00\x00\x00\x00\x00\x00\x00\x00\x00\x00\x00\x00\x00\x00\x00\x00\x00\x00\x00\x00\x00\x00\x00\x00\x00', 0, 0, 0, 0, 20241878.0, 22509932.0, 20977050.0, 19151122.0, 17074154.0, 0.0, 45060)
